 -----------------------------------------------------------------------------------------------------------------
 : JBACCEL : v.052107              PARAMETER SET: D45wlc0  -  User Guide Example                 DATE:04/26/2019 :
 : ORIC ACCELERATION PROGRAM                                                                     TIME:10:02:01.0 :
 -----------------------------------------------------------------------------------------------------------------

   2H   1+    ENERGY=  45.00    MASS=   1875.58    INJECTION ENERGY=    .000                              04/26/19
                                                                                                          10:01:39
 EXTRACTION RADIUS= 31.140   FREQUENCY=13.04000 MHZ   DEE VOLTAGE= 60.0 KV   PHI0= 30.00 DEG   HARMONIC=1

 ORBIT   RADIUS      BETA-R    ENERGY     PHASE    PERIOD    R-CEN   THET-CEN    AVRAD    DAVRAD    DRAD   RAD/rtE
    0     1.670   .2154E-02      .140    11.657    .98531     .084    135.43     1.851     .0000    .000    4.4633
    1     2.275   .2170E-02      .253    19.805    .98392     .090    148.15     2.429     .5784    .605    4.5247
    2     2.769   .2177E-02      .370    12.477    .98473     .095    155.70     2.909     .4796    .494    4.5518
    3     3.194   .2173E-02      .489     7.755    .98594     .100    160.86     3.325     .4167    .425    4.5671
    4     3.569   .2157E-02      .608    -7.381    .98718     .104    164.83     3.696     .3707    .375    4.5767
    5     3.904   .2130E-02      .726   -10.498    .98838     .106    168.22     4.031     .3346    .336    4.5825
    6     4.208   .2095E-02      .842   -14.423    .98952     .108    171.29     4.336     .3050    .304    4.5858
    7     4.486   .2050E-02      .956   -18.275    .99057     .109    174.20     4.616     .2801    .277    4.5873
    8     4.740   .1998E-02     1.068   -21.852    .99154     .109    177.03     4.874     .2587    .254    4.5875
    9     4.974   .1938E-02     1.176   -25.113    .99245     .109    179.82     5.115     .2403    .235    4.5868
   10     5.192   .1871E-02     1.282   -28.060    .99327     .108    182.61     5.339     .2241    .218    4.5856
   11     5.395   .1798E-02     1.385   -30.707    .99404     .107    185.43     5.549     .2101    .203    4.5839
   12     5.585   .1719E-02     1.486   -33.074    .99474     .105    188.30     5.747     .1976    .190    4.5820
   13     5.764   .1635E-02     1.584   -35.179    .99538     .103    191.20     5.933     .1866    .179    4.5800
   14     5.933   .1549E-02     1.680   -37.045    .99598     .101    194.08     6.110     .1770    .169    4.5780
   15     6.094   .1459E-02     1.773   -38.689    .99651     .099    196.94     6.279     .1684    .161    4.5762
   16     6.247   .1368E-02     1.865   -40.129    .99700     .097    199.80     6.439     .1608    .153    4.5746
   17     6.394   .1275E-02     1.955   -41.384    .99744     .095    202.67     6.593     .1540    .147    4.5731
   18     6.536   .1181E-02     2.044   -42.471    .99785     .092    205.52     6.741     .1481    .141    4.5718
   19     6.672   .1088E-02     2.131   -43.403    .99822     .090    208.34     6.884     .1428    .137    4.5708
   20     6.804   .9945E-03     2.217   -44.190    .99854     .088    211.05     7.022     .1379    .132    4.5699
   21     6.933   .9031E-03     2.302   -44.852    .99884     .086    213.60     7.156     .1338    .129    4.5694
   22     7.058   .8154E-03     2.386   -45.399    .99909     .084    215.89     7.286     .1300    .126    4.5693
   23     7.181   .7308E-03     2.470   -45.842    .99932     .082    218.05     7.413     .1267    .123    4.5695
   24     7.301   .6484E-03     2.553   -46.193    .99953     .080    220.11     7.536     .1238    .120    4.5698
   25     7.419   .5686E-03     2.636   -46.462    .99972     .078    222.01     7.658     .1211    .118    4.5703
   26     7.536   .4918E-03     2.718   -46.654    .99989     .076    223.77     7.776     .1188    .116    4.5709
   27     7.650   .4177E-03     2.800   -46.778   1.00004     .075    225.42     7.893     .1167    .114    4.5716
   28     7.762   .3460E-03     2.882   -46.838   1.00019     .073    226.99     8.008     .1149    .113    4.5723
   29     7.873   .2766E-03     2.964   -46.841   1.00032     .071    228.35     8.121     .1131    .111    4.5731
   30     7.984   .2100E-03     3.046   -46.793   1.00043     .069    229.49     8.233     .1117    .110    4.5741
   31     8.093   .1463E-03     3.129   -46.696   1.00053     .068    230.46     8.343     .1103    .109    4.5752
   32     8.201   .8488E-04     3.211   -46.557   1.00063     .066    231.31     8.452     .1091    .108    4.5764
   33     8.308   .2482E-04     3.294   -46.380   1.00071     .064    232.00     8.560     .1080    .107    4.5775
   34     8.414  -.3334E-04     3.377   -46.170   1.00078     .063    232.53     8.667     .1070    .106    4.5787
   35     8.520  -.8991E-04     3.461   -45.928   1.00085     .061    232.97     8.773     .1062    .106    4.5800
   36     8.625  -.1468E-03     3.544   -45.660   1.00092     .059    233.29     8.879     .1053    .105    4.5813
   37     8.729  -.2016E-03     3.629   -45.366   1.00098     .057    233.58     8.983     .1047    .104    4.5825
   38     8.833  -.2562E-03     3.714   -45.047   1.00103     .055    233.81     9.087     .1039    .104    4.5837
   39     8.936  -.3108E-03     3.799   -44.708   1.00108     .054    233.90     9.191     .1033    .103    4.5849
   40     9.039  -.3644E-03     3.885   -44.349   1.00112     .052    233.85     9.293     .1028    .103    4.5860
   41     9.141  -.4169E-03     3.971   -43.972   1.00116     .050    233.70     9.396     .1022    .102    4.5871
   42     9.243  -.4691E-03     4.058   -43.579   1.00119     .048    233.47     9.497     .1018    .102    4.5882
   43     9.344  -.5217E-03     4.145   -43.173   1.00122     .047    233.15     9.599     .1013    .101    4.5893
   44     9.445  -.5736E-03     4.234   -42.754   1.00125     .045    232.69     9.700     .1009    .101    4.5903
   45     9.545  -.6260E-03     4.322   -42.325   1.00127     .043    232.24     9.800     .1005    .100    4.5913
   46     9.646  -.6796E-03     4.412   -41.888   1.00129     .042    231.68     9.900     .1001    .100    4.5923
   47     9.745  -.7336E-03     4.502   -41.443   1.00131     .040    231.06    10.000     .0998    .100    4.5932
   48     9.845  -.7879E-03     4.592   -40.991   1.00133     .038    230.42    10.099     .0994    .099    4.5941
   49     9.944  -.8431E-03     4.683   -40.532   1.00134     .036    229.69    10.198     .0991    .099    4.5949
   50    10.043  -.8993E-03     4.775   -40.068   1.00135     .034    228.84    10.297     .0988    .099    4.5957
   51    10.141  -.9563E-03     4.868   -39.600   1.00136     .033    227.89    10.396     .0984    .099    4.5965
   52    10.239  -.1015E-02     4.961   -39.127   1.00137     .031    226.87    10.494     .0981    .098    4.5973
   53    10.337  -.1074E-02     5.054   -38.652   1.00137     .029    225.87    10.591     .0978    .098    4.5980
   54    10.435  -.1134E-02     5.149   -38.175   1.00138     .027    224.75    10.689     .0976    .098    4.5986
   55    10.532  -.1197E-02     5.244   -37.696   1.00138     .025    223.58    10.786     .0972    .097    4.5993
   56    10.629  -.1261E-02     5.339   -37.216   1.00139     .023    222.53    10.883     .0970    .097    4.5998
   57    10.725  -.1326E-02     5.435   -36.735   1.00139     .022    221.59    10.980     .0967    .096    4.6003
   58    10.821  -.1393E-02     5.532   -36.253   1.00139     .020    221.03    11.076     .0964    .096    4.6006
   59    10.916  -.1462E-02     5.630   -35.770   1.00140     .018    220.78    11.173     .0961    .095    4.6008
   60    11.011  -.1530E-02     5.728   -35.287   1.00140     .017    220.62    11.268     .0959    .095    4.6009
   61    11.105  -.1601E-02     5.826   -34.803   1.00139     .015    220.93    11.364     .0955    .094    4.6009
   62    11.199  -.1671E-02     5.925   -34.320   1.00138     .014    221.66    11.459     .0952    .094    4.6008
   63    11.292  -.1741E-02     6.025   -33.838   1.00138     .013    223.41    11.554     .0949    .093    4.6004
   64    11.384  -.1811E-02     6.125   -33.360   1.00136     .012    225.81    11.649     .0946    .092    4.5999
   65    11.476  -.1881E-02     6.226   -32.885   1.00135     .011    229.06    11.743     .0943    .092    4.5993
   66    11.567  -.1949E-02     6.327   -32.414   1.00133     .010    232.74    11.837     .0940    .091    4.5986
   67    11.658  -.2016E-02     6.429   -31.947   1.00131     .010    237.11    11.930     .0936    .091    4.5977
   68    11.748  -.2082E-02     6.531   -31.487   1.00129     .010    241.76    12.024     .0933    .090    4.5967
   69    11.837  -.2147E-02     6.634   -31.033   1.00126     .010    246.10    12.117     .0929    .089    4.5957
   70    11.926  -.2210E-02     6.737   -30.588   1.00124     .010    249.98    12.209     .0927    .089    4.5945
   71    12.014  -.2272E-02     6.841   -30.149   1.00121     .010    252.75    12.302     .0923    .088    4.5932
   72    12.102  -.2332E-02     6.945   -29.718   1.00118     .011    254.59    12.394     .0919    .088    4.5920
   73    12.190  -.2390E-02     7.050   -29.296   1.00116     .011    255.58    12.485     .0916    .088    4.5908
   74    12.277  -.2446E-02     7.155   -28.883   1.00112     .012    255.81    12.576     .0912    .087    4.5895
   75    12.363  -.2499E-02     7.261   -28.480   1.00109     .013    255.23    12.667     .0909    .087    4.5882
   76    12.450  -.2550E-02     7.366   -28.088   1.00106     .013    254.07    12.758     .0906    .086    4.5869
   77    12.536  -.2601E-02     7.473   -27.704   1.00104     .014    252.60    12.848     .0903    .086    4.5857
   78    12.622  -.2649E-02     7.579   -27.329   1.00101     .015    250.43    12.938     .0899    .086    4.5846
   79    12.707  -.2695E-02     7.686   -26.960   1.00099     .015    248.19    13.028     .0896    .086    4.5834
   80    12.792  -.2741E-02     7.794   -26.599   1.00097     .016    245.64    13.117     .0893    .085    4.5823
   81    12.878  -.2785E-02     7.901   -26.244   1.00096     .017    242.73    13.206     .0889    .085    4.5813
   82    12.963  -.2827E-02     8.009   -25.895   1.00094     .018    239.78    13.295     .0886    .085    4.5803
   83    13.047  -.2870E-02     8.117   -25.550   1.00093     .018    236.65    13.383     .0882    .085    4.5794
   84    13.132  -.2912E-02     8.226   -25.209   1.00091     .019    233.28    13.471     .0878    .085    4.5786
   85    13.216  -.2951E-02     8.335   -24.875   1.00089     .020    229.59    13.558     .0875    .084    4.5779
   86    13.301  -.2990E-02     8.444   -24.544   1.00088     .021    225.75    13.645     .0872    .084    4.5772
   87    13.385  -.3029E-02     8.553   -24.219   1.00087     .022    221.83    13.732     .0869    .084    4.5767
   88    13.470  -.3068E-02     8.663   -23.898   1.00086     .023    217.85    13.819     .0866    .084    4.5763
   89    13.554  -.3109E-02     8.773   -23.580   1.00085     .023    213.85    13.905     .0861    .084    4.5760
   90    13.638  -.3150E-02     8.883   -23.266   1.00084     .024    209.78    13.991     .0859    .084    4.5758
   91    13.723  -.3191E-02     8.994   -22.955   1.00084     .025    205.79    14.076     .0856    .084    4.5757
   92    13.807  -.3237E-02     9.105   -22.645   1.00084     .026    201.90    14.162     .0852    .084    4.5757
   93    13.891  -.3283E-02     9.216   -22.336   1.00084     .027    198.04    14.246     .0849    .084    4.5758
   94    13.975  -.3334E-02     9.327   -22.029   1.00085     .027    194.37    14.331     .0847    .084    4.5760
   95    14.059  -.3385E-02     9.438   -21.720   1.00085     .028    190.48    14.415     .0843    .084    4.5763
   96    14.143  -.3439E-02     9.550   -21.410   1.00086     .029    186.73    14.499     .0840    .084    4.5766
   97    14.227  -.3496E-02     9.662   -21.099   1.00087     .029    182.97    14.583     .0837    .084    4.5770
   98    14.311  -.3557E-02     9.774   -20.786   1.00087     .030    179.22    14.666     .0833    .084    4.5774
   99    14.394  -.3621E-02     9.887   -20.473   1.00088     .031    175.53    14.750     .0831    .084    4.5779
  100    14.478  -.3687E-02     9.999   -20.158   1.00089     .031    172.01    14.832     .0827    .083    4.5785
  101    14.561  -.3756E-02    10.112   -19.842   1.00090     .032    168.57    14.915     .0825    .083    4.5789
  102    14.644  -.3828E-02    10.225   -19.522   1.00092     .032    165.14    14.997     .0822    .083    4.5794
  103    14.726  -.3904E-02    10.339   -19.200   1.00093     .032    161.84    15.079     .0818    .083    4.5800
  104    14.808  -.3982E-02    10.452   -18.875   1.00094     .033    158.69    15.160     .0816    .082    4.5804
  105    14.890  -.4063E-02    10.566   -18.546   1.00095     .033    155.60    15.242     .0812    .082    4.5808
  106    14.971  -.4146E-02    10.680   -18.216   1.00096     .033    152.84    15.323     .0810    .081    4.5812
  107    15.052  -.4230E-02    10.794   -17.881   1.00097     .033    150.26    15.403     .0807    .081    4.5814
  108    15.132  -.4315E-02    10.909   -17.543   1.00098     .033    147.54    15.484     .0804    .080    4.5816
  109    15.212  -.4402E-02    11.023   -17.202   1.00099     .033    144.88    15.564     .0800    .080    4.5818
  110    15.291  -.4492E-02    11.138   -16.859   1.00099     .033    142.52    15.643     .0797    .079    4.5819
  111    15.370  -.4580E-02    11.253   -16.516   1.00099     .033    140.32    15.723     .0794    .079    4.5818
  112    15.448  -.4669E-02    11.368   -16.172   1.00100     .032    138.35    15.802     .0792    .078    4.5817
  113    15.525  -.4759E-02    11.484   -15.827   1.00099     .032    136.68    15.881     .0788    .077    4.5814
  114    15.602  -.4847E-02    11.599   -15.482   1.00099     .031    135.25    15.959     .0786    .077    4.5810
  115    15.678  -.4935E-02    11.715   -15.136   1.00099     .030    134.29    16.038     .0783    .076    4.5805
  116    15.753  -.5020E-02    11.831   -14.789   1.00099     .030    133.61    16.116     .0780    .075    4.5799
  117    15.828  -.5103E-02    11.947   -14.442   1.00099     .029    133.38    16.193     .0777    .075    4.5792
  118    15.902  -.5184E-02    12.064   -14.094   1.00099     .028    133.75    16.271     .0774    .074    4.5784
  119    15.976  -.5259E-02    12.180   -13.746   1.00098     .027    134.63    16.348     .0771    .074    4.5775
  120    16.049  -.5332E-02    12.297   -13.398   1.00099     .027    135.74    16.425     .0770    .073    4.5766
  121    16.122  -.5404E-02    12.414   -13.048   1.00098     .026    137.26    16.501     .0765    .073    4.5757
  122    16.194  -.5472E-02    12.531   -12.699   1.00097     .026    139.00    16.578     .0763    .072    4.5747
  123    16.267  -.5538E-02    12.648   -12.351   1.00096     .026    141.10    16.654     .0760    .072    4.5738
  124    16.339  -.5599E-02    12.766   -12.005   1.00095     .026    143.39    16.729     .0757    .072    4.5729
  125    16.411  -.5657E-02    12.883   -11.659   1.00095     .027    145.71    16.805     .0755    .072    4.5721
  126    16.483  -.5712E-02    13.001   -11.315   1.00094     .027    148.10    16.880     .0752    .072    4.5713
  127    16.554  -.5764E-02    13.119   -10.971   1.00094     .028    150.01    16.955     .0750    .072    4.5706
  128    16.627  -.5817E-02    13.237   -10.628   1.00093     .030    151.54    17.030     .0747    .072    4.5700
  129    16.699  -.5869E-02    13.355   -10.286   1.00093     .031    152.73    17.104     .0745    .072    4.5695
  130    16.771  -.5920E-02    13.473    -9.944   1.00093     .033    153.46    17.179     .0742    .072    4.5691
  131    16.843  -.5972E-02    13.591    -9.603   1.00093     .034    153.80    17.253     .0740    .072    4.5688
  132    16.916  -.6026E-02    13.710    -9.263   1.00093     .036    153.58    17.326     .0737    .073    4.5686
  133    16.989  -.6082E-02    13.828    -8.923   1.00092     .038    152.84    17.400     .0734    .073    4.5687
  134    17.062  -.6142E-02    13.947    -8.585   1.00093     .040    151.83    17.473     .0732    .073    4.5688
  135    17.136  -.6205E-02    14.066    -8.249   1.00093     .041    150.49    17.546     .0730    .074    4.5691
  136    17.210  -.6273E-02    14.185    -7.913   1.00093     .043    148.92    17.619     .0727    .074    4.5694
  137    17.283  -.6345E-02    14.303    -7.579   1.00093     .044    147.24    17.691     .0725    .074    4.5699
  138    17.357  -.6421E-02    14.423    -7.246   1.00093     .046    145.50    17.763     .0722    .073    4.5703
  139    17.430  -.6501E-02    14.542    -6.915   1.00092     .047    143.62    17.835     .0719    .073    4.5708
  140    17.503  -.6584E-02    14.661    -6.586   1.00092     .048    141.77    17.907     .0717    .073    4.5713
  141    17.576  -.6671E-02    14.780    -6.259   1.00092     .048    139.88    17.978     .0714    .073    4.5717
  142    17.648  -.6762E-02    14.899    -5.934   1.00093     .049    138.05    18.050     .0712    .072    4.5721
  143    17.720  -.6856E-02    15.019    -5.610   1.00092     .049    136.25    18.120     .0709    .072    4.5724
  144    17.791  -.6951E-02    15.138    -5.288   1.00092     .049    134.55    18.191     .0706    .071    4.5726
  145    17.862  -.7047E-02    15.258    -4.969   1.00091     .049    133.02    18.261     .0704    .071    4.5728
  146    17.932  -.7143E-02    15.378    -4.651   1.00091     .049    131.59    18.331     .0701    .070    4.5728
  147    18.001  -.7241E-02    15.497    -4.335   1.00090     .048    130.17    18.401     .0698    .069    4.5727
  148    18.070  -.7339E-02    15.617    -4.022   1.00090     .048    129.09    18.471     .0695    .069    4.5725
  149    18.138  -.7434E-02    15.737    -3.711   1.00089     .047    128.28    18.540     .0693    .068    4.5722
  150    18.205  -.7527E-02    15.856    -3.403   1.00088     .046    127.86    18.609     .0690    .067    4.5717
  151    18.271  -.7617E-02    15.976    -3.097   1.00087     .045    127.66    18.678     .0687    .066    4.5711
  152    18.336  -.7702E-02    16.096    -2.795   1.00086     .044    127.84    18.746     .0685    .066    4.5704
  153    18.402  -.7783E-02    16.216    -2.495   1.00084     .043    128.45    18.814     .0682    .065    4.5697
  154    18.466  -.7859E-02    16.336    -2.199   1.00083     .042    129.43    18.882     .0679    .065    4.5688
  155    18.531  -.7932E-02    16.456    -1.906   1.00081     .042    130.63    18.950     .0676    .064    4.5680
  156    18.595  -.8001E-02    16.576    -1.619   1.00080     .041    132.12    19.017     .0674    .064    4.5673
  157    18.659  -.8066E-02    16.696    -1.338   1.00079     .041    133.83    19.085     .0672    .064    4.5665
  158    18.723  -.8128E-02    16.816    -1.063   1.00077     .041    135.69    19.151     .0669    .064    4.5657
  159    18.787  -.8186E-02    16.936     -.800   1.00076     .042    137.32    19.218     .0666    .064    4.5651
  160    18.851  -.8245E-02    17.056     -.559   1.00074     .043    138.66    19.284     .0664    .064    4.5646
  161    18.915  -.8305E-02    17.176     -.373   1.00073     .044    139.72    19.351     .0661    .065    4.5642
  162    18.980  -.8365E-02    17.296      .337   1.00071     .045    140.31    19.416     .0659    .065    4.5639
  163    19.046  -.8428E-02    17.416      .477   1.00069     .046    140.52    19.482     .0656    .065    4.5638
  164    19.111  -.8493E-02    17.536      .685   1.00068     .048    140.52    19.548     .0655    .065    4.5638
  165    19.177  -.8562E-02    17.656      .913   1.00066     .049    140.12    19.613     .0651    .066    4.5639
  166    19.243  -.8633E-02    17.776     1.143   1.00065     .050    139.41    19.678     .0650    .066    4.5641
  167    19.309  -.8712E-02    17.896     1.371   1.00063     .052    138.40    19.742     .0646    .066    4.5643
  168    19.375  -.8795E-02    18.016     1.594   1.00061     .053    137.22    19.807     .0644    .066    4.5647
  169    19.440  -.8883E-02    18.136     1.809   1.00059     .053    135.93    19.871     .0641    .066    4.5650
  170    19.506  -.8975E-02    18.255     2.017   1.00057     .054    134.62    19.935     .0639    .065    4.5653
  171    19.570  -.9071E-02    18.375     2.217   1.00055     .054    133.22    19.998     .0636    .065    4.5654
  172    19.635  -.9169E-02    18.495     2.406   1.00052     .054    131.91    20.062     .0634    .064    4.5656
  173    19.698  -.9269E-02    18.615     2.587   1.00049     .053    130.68    20.125     .0631    .064    4.5656
  174    19.761  -.9369E-02    18.735     2.757   1.00046     .053    129.58    20.188     .0628    .063    4.5654
  175    19.823  -.9469E-02    18.855     2.916   1.00044     .052    128.73    20.250     .0627    .062    4.5652
  176    19.884  -.9567E-02    18.975     3.066   1.00040     .051    128.14    20.312     .0623    .061    4.5648
  177    19.945  -.9661E-02    19.094     3.204   1.00037     .050    127.96    20.375     .0621    .060    4.5643
  178    20.004  -.9751E-02    19.214     3.331   1.00033     .048    128.23    20.436     .0618    .060    4.5636
  179    20.063  -.9835E-02    19.334     3.447   1.00030     .047    128.98    20.498     .0617    .059    4.5628
  180    20.121  -.9914E-02    19.454     3.553   1.00026     .046    130.34    20.559     .0614    .058    4.5620
  181    20.179  -.9983E-02    19.574     3.647   1.00023     .045    132.27    20.621     .0613    .058    4.5610
  182    20.237  -.1005E-01    19.693     3.732   1.00020     .045    134.59    20.682     .0610    .058    4.5602
  183    20.294  -.1010E-01    19.813     3.809   1.00017     .045    136.96    20.743     .0609    .058    4.5593
  184    20.352  -.1015E-01    19.933     3.875   1.00014     .046    139.04    20.803     .0607    .058    4.5586
  185    20.411  -.1021E-01    20.053     3.933   1.00011     .047    140.89    20.864     .0605    .059    4.5581
  186    20.471  -.1026E-01    20.172     3.982   1.00008     .049    142.26    20.924     .0604    .059    4.5578
  187    20.531  -.1031E-01    20.292     4.022   1.00006     .051    143.08    20.984     .0602    .060    4.5577
  188    20.591  -.1036E-01    20.412     4.053   1.00003     .053    143.39    21.044     .0600    .061    4.5577
  189    20.653  -.1042E-01    20.531     4.074   1.00002     .055    143.09    21.104     .0600    .061    4.5579
  190    20.715  -.1049E-01    20.651     4.087   1.00000     .058    142.32    21.164     .0597    .062    4.5584
  191    20.778  -.1057E-01    20.771     4.091    .99998     .059    141.16    21.224     .0596    .063    4.5590
  192    20.840  -.1065E-01    20.890     4.085    .99996     .061    139.77    21.283     .0593    .063    4.5597
  193    20.903  -.1074E-01    21.010     4.070    .99994     .062    138.30    21.342     .0593    .063    4.5603
  194    20.965  -.1084E-01    21.130     4.046    .99992     .063    136.69    21.401     .0590    .062    4.5609
  195    21.027  -.1094E-01    21.250     4.013    .99990     .063    135.04    21.460     .0589    .062    4.5615
  196    21.088  -.1105E-01    21.369     3.971    .99988     .063    133.53    21.519     .0586    .061    4.5619
  197    21.148  -.1116E-01    21.489     3.919    .99986     .062    132.18    21.577     .0585    .060    4.5621
  198    21.207  -.1127E-01    21.609     3.860    .99983     .061    131.09    21.635     .0582    .059    4.5622
  199    21.265  -.1138E-01    21.728     3.792    .99981     .060    130.27    21.693     .0580    .058    4.5620
  200    21.322  -.1148E-01    21.848     3.715    .99978     .058    129.80    21.751     .0579    .057    4.5617
  201    21.379  -.1158E-01    21.968     3.629    .99975     .056    129.76    21.809     .0577    .056    4.5612
  202    21.434  -.1167E-01    22.088     3.536    .99973     .055    130.15    21.867     .0576    .055    4.5606
  203    21.488  -.1176E-01    22.207     3.434    .99970     .053    130.99    21.924     .0573    .054    4.5598
  204    21.542  -.1184E-01    22.327     3.325    .99967     .052    132.44    21.981     .0571    .054    4.5590
  205    21.596  -.1191E-01    22.447     3.206    .99964     .051    134.31    22.038     .0570    .054    4.5582
  206    21.649  -.1198E-01    22.567     3.079    .99961     .050    136.39    22.095     .0569    .054    4.5573
  207    21.703  -.1204E-01    22.687     2.944    .99958     .050    138.60    22.152     .0568    .054    4.5566
  208    21.757  -.1210E-01    22.807     2.801    .99956     .051    140.89    22.208     .0566    .054    4.5559
  209    21.812  -.1215E-01    22.926     2.651    .99954     .051    143.03    22.265     .0565    .054    4.5553
  210    21.866  -.1220E-01    23.046     2.493    .99952     .053    144.93    22.321     .0564    .055    4.5549
  211    21.922  -.1225E-01    23.166     2.329    .99950     .055    146.32    22.378     .0563    .056    4.5546
  212    21.978  -.1230E-01    23.286     2.159    .99948     .057    147.35    22.434     .0562    .057    4.5546
  213    22.035  -.1236E-01    23.406     1.984    .99947     .059    148.00    22.490     .0562    .057    4.5547
  214    22.093  -.1241E-01    23.526     1.804    .99946     .061    148.09    22.546     .0561    .058    4.5549
  215    22.151  -.1248E-01    23.646     1.620    .99946     .064    147.92    22.602     .0560    .058    4.5554
  216    22.210  -.1255E-01    23.766     1.433    .99945     .066    147.60    22.658     .0559    .059    4.5559
  217    22.269  -.1262E-01    23.886     1.244    .99945     .068    147.06    22.714     .0557    .059    4.5564
  218    22.328  -.1269E-01    24.006     1.054    .99944     .069    146.36    22.769     .0556    .059    4.5571
  219    22.387  -.1278E-01    24.126      .862    .99945     .071    145.53    22.825     .0556    .059    4.5578
  220    22.446  -.1286E-01    24.246      .674    .99945     .072    144.64    22.880     .0555    .059    4.5585
  221    22.505  -.1296E-01    24.366      .493    .99944     .073    143.73    22.936     .0552    .059    4.5591
  222    22.563  -.1305E-01    24.486      .336    .99945     .073    142.83    22.991     .0552    .058    4.5597
  223    22.621  -.1315E-01    24.606      .256    .99945     .073    142.07    23.046     .0550    .058    4.5602
  224    22.678  -.1325E-01    24.726     -.320    .99945     .073    141.49    23.101     .0549    .057    4.5606
  225    22.734  -.1335E-01    24.846     -.473    .99945     .072    141.11    23.155     .0547    .056    4.5609
  226    22.789  -.1345E-01    24.966     -.655    .99945     .071    140.93    23.210     .0546    .055    4.5610
  227    22.844  -.1354E-01    25.086     -.847    .99945     .071    141.08    23.264     .0545    .055    4.5610
  228    22.898  -.1363E-01    25.206    -1.043    .99945     .070    141.62    23.319     .0544    .054    4.5608
  229    22.951  -.1372E-01    25.326    -1.239    .99945     .069    142.42    23.373     .0542    .053    4.5606
  230    23.004  -.1380E-01    25.446    -1.435    .99946     .068    143.59    23.427     .0542    .053    4.5603
  231    23.056  -.1387E-01    25.566    -1.627    .99946     .068    145.07    23.481     .0540    .052    4.5599
  232    23.108  -.1393E-01    25.686    -1.817    .99947     .068    146.72    23.535     .0540    .052    4.5594
  233    23.160  -.1400E-01    25.806    -2.001    .99948     .069    148.40    23.589     .0539    .052    4.5590
  234    23.212  -.1405E-01    25.926    -2.181    .99949     .070    150.07    23.643     .0537    .052    4.5587
  235    23.264  -.1411E-01    26.045    -2.356    .99951     .071    151.58    23.697     .0537    .052    4.5585
  236    23.317  -.1416E-01    26.165    -2.524    .99952     .073    152.90    23.750     .0536    .053    4.5583
  237    23.370  -.1421E-01    26.285    -2.686    .99955     .075    153.98    23.804     .0536    .053    4.5584
  238    23.424  -.1426E-01    26.405    -2.840    .99957     .077    154.73    23.857     .0534    .054    4.5585
  239    23.479  -.1431E-01    26.525    -2.987    .99959     .080    155.20    23.910     .0533    .055    4.5588
  240    23.534  -.1437E-01    26.645    -3.126    .99962     .082    155.33    23.964     .0533    .055    4.5592
  241    23.590  -.1443E-01    26.764    -3.257    .99964     .085    155.27    24.017     .0533    .056    4.5599
  242    23.647  -.1449E-01    26.884    -3.380    .99967     .087    154.91    24.070     .0530    .056    4.5606
  243    23.704  -.1457E-01    27.004    -3.494    .99970     .089    154.40    24.123     .0530    .057    4.5614
  244    23.761  -.1465E-01    27.124    -3.600    .99973     .090    153.88    24.176     .0529    .057    4.5623
  245    23.818  -.1473E-01    27.244    -3.696    .99976     .092    153.31    24.229     .0528    .057    4.5632
  246    23.875  -.1481E-01    27.363    -3.784    .99979     .093    152.65    24.281     .0527    .057    4.5641
  247    23.932  -.1490E-01    27.483    -3.862    .99982     .093    151.97    24.334     .0526    .057    4.5650
  248    23.988  -.1500E-01    27.603    -3.930    .99986     .094    151.42    24.386     .0525    .056    4.5658
  249    24.044  -.1510E-01    27.722    -3.988    .99989     .094    150.94    24.439     .0523    .056    4.5666
  250    24.099  -.1519E-01    27.842    -4.036    .99992     .094    150.59    24.491     .0523    .055    4.5672
  251    24.154  -.1529E-01    27.962    -4.072    .99995     .093    150.34    24.543     .0521    .055    4.5678
  252    24.208  -.1539E-01    28.082    -4.097    .99998     .093    150.28    24.595     .0520    .054    4.5682
  253    24.261  -.1548E-01    28.201    -4.111   1.00001     .092    150.34    24.647     .0519    .053    4.5685
  254    24.314  -.1557E-01    28.321    -4.114   1.00005     .091    150.53    24.699     .0519    .053    4.5688
  255    24.366  -.1567E-01    28.441    -4.105   1.00008     .090    150.89    24.751     .0518    .052    4.5690
  256    24.418  -.1576E-01    28.560    -4.083   1.00012     .089    151.32    24.802     .0516    .052    4.5691
  257    24.470  -.1584E-01    28.680    -4.048   1.00015     .089    151.82    24.854     .0515    .052    4.5692
  258    24.521  -.1593E-01    28.800    -4.001   1.00019     .088    152.31    24.905     .0515    .051    4.5692
  259    24.572  -.1602E-01    28.919    -3.942   1.00022     .087    152.91    24.956     .0512    .052    4.5693
  260    24.623  -.1610E-01    29.039    -3.871   1.00025     .086    153.58    25.008     .0512    .051    4.5693
  261    24.674  -.1619E-01    29.159    -3.788   1.00028     .086    154.23    25.059     .0511    .051    4.5694
  262    24.725  -.1627E-01    29.279    -3.691   1.00032     .085    154.79    25.110     .0510    .051    4.5694
  263    24.776  -.1635E-01    29.398    -3.584   1.00035     .085    155.33    25.161     .0508    .051    4.5695
  264    24.827  -.1644E-01    29.518    -3.465   1.00038     .084    155.86    25.211     .0508    .051    4.5697
  265    24.878  -.1652E-01    29.638    -3.335   1.00041     .083    156.34    25.262     .0507    .051    4.5698
  266    24.929  -.1661E-01    29.758    -3.194   1.00044     .083    156.89    25.312     .0504    .051    4.5700
  267    24.980  -.1670E-01    29.878    -3.043   1.00047     .082    157.48    25.363     .0504    .051    4.5701
  268    25.031  -.1678E-01    29.998    -2.882   1.00050     .082    158.04    25.413     .0504    .051    4.5702
  269    25.082  -.1687E-01    30.117    -2.709   1.00053     .081    158.61    25.463     .0502    .051    4.5703
  270    25.132  -.1695E-01    30.237    -2.527   1.00056     .081    159.14    25.513     .0500    .051    4.5705
  271    25.183  -.1704E-01    30.357    -2.335   1.00058     .080    159.67    25.563     .0500    .051    4.5706
  272    25.234  -.1712E-01    30.477    -2.134   1.00061     .080    160.09    25.613     .0499    .051    4.5708
  273    25.285  -.1721E-01    30.597    -1.924   1.00064     .079    160.49    25.663     .0497    .051    4.5711
  274    25.336  -.1729E-01    30.717    -1.707   1.00066     .079    160.94    25.713     .0497    .051    4.5713
  275    25.386  -.1738E-01    30.837    -1.483   1.00069     .078    161.23    25.762     .0495    .051    4.5716
  276    25.437  -.1747E-01    30.957    -1.254   1.00071     .077    161.46    25.812     .0494    .051    4.5719
  277    25.489  -.1756E-01    31.077    -1.023   1.00073     .077    161.59    25.861     .0493    .051    4.5722
  278    25.540  -.1765E-01    31.197     -.797   1.00075     .076    161.64    25.910     .0490    .051    4.5726
  279    25.591  -.1774E-01    31.317     -.593   1.00077     .075    161.62    25.959     .0492    .051    4.5730
  280    25.643  -.1784E-01    31.437     -.455   1.00079     .074    161.37    26.008     .0488    .051    4.5734
  281    25.694  -.1794E-01    31.557      .458   1.00081     .073    161.08    26.057     .0488    .052    4.5740
  282    25.746  -.1804E-01    31.677      .607   1.00082     .071    160.85    26.105     .0485    .051    4.5744
  283    25.797  -.1815E-01    31.797      .832   1.00083     .069    160.70    26.154     .0484    .051    4.5748
  284    25.847  -.1825E-01    31.917     1.088   1.00083     .067    160.62    26.202     .0482    .051    4.5752
  285    25.897  -.1836E-01    32.037     1.358   1.00084     .065    160.89    26.250     .0480    .050    4.5754
  286    25.946  -.1846E-01    32.157     1.637   1.00084     .063    161.42    26.298     .0479    .049    4.5755
  287    25.995  -.1857E-01    32.277     1.920   1.00084     .061    162.27    26.345     .0477    .048    4.5755
  288    26.042  -.1866E-01    32.397     2.206   1.00083     .059    163.48    26.393     .0475    .047    4.5754
  289    26.089  -.1875E-01    32.516     2.492   1.00083     .057    164.99    26.440     .0474    .047    4.5752
  290    26.135  -.1884E-01    32.636     2.779   1.00082     .055    166.78    26.487     .0471    .047    4.5749
  291    26.182  -.1892E-01    32.756     3.064   1.00081     .054    168.88    26.535     .0471    .046    4.5746
  292    26.227  -.1899E-01    32.876     3.349   1.00079     .054    170.90    26.581     .0468    .046    4.5742
  293    26.274  -.1906E-01    32.996     3.630   1.00078     .054    172.86    26.628     .0468    .046    4.5739
  294    26.320  -.1912E-01    33.115     3.909   1.00077     .055    174.49    26.675     .0467    .046    4.5737
  295    26.367  -.1918E-01    33.235     4.186   1.00075     .055    175.62    26.721     .0464    .047    4.5736
  296    26.415  -.1924E-01    33.355     4.458   1.00074     .056    176.41    26.768     .0464    .048    4.5737
  297    26.463  -.1930E-01    33.474     4.725   1.00072     .057    176.59    26.814     .0463    .048    4.5738
  298    26.513  -.1936E-01    33.594     4.988   1.00071     .058    176.20    26.860     .0462    .050    4.5743
  299    26.563  -.1943E-01    33.713     5.245   1.00070     .059    175.49    26.906     .0461    .051    4.5749
  300    26.614  -.1950E-01    33.833     5.497   1.00068     .059    174.50    26.952     .0458    .051    4.5756
  301    26.666  -.1958E-01    33.952     5.741   1.00066     .059    173.30    26.998     .0458    .052    4.5764
  302    26.718  -.1967E-01    34.072     5.977   1.00064     .059    172.01    27.043     .0456    .052    4.5773
  303    26.770  -.1976E-01    34.191     6.205   1.00062     .057    170.74    27.089     .0455    .052    4.5781
  304    26.821  -.1985E-01    34.310     6.424   1.00059     .056    169.59    27.134     .0452    .051    4.5789
  305    26.871  -.1995E-01    34.429     6.631   1.00057     .054    168.96    27.179     .0452    .050    4.5796
  306    26.920  -.2006E-01    34.548     6.829   1.00054     .051    169.02    27.224     .0449    .049    4.5800
  307    26.968  -.2015E-01    34.668     7.014   1.00050     .049    169.74    27.269     .0446    .047    4.5801
  308    27.013  -.2024E-01    34.787     7.188   1.00047     .046    171.29    27.313     .0446    .046    4.5801
  309    27.058  -.2033E-01    34.906     7.350   1.00042     .044    173.73    27.358     .0443    .045    4.5798
  310    27.101  -.2040E-01    35.025     7.498   1.00038     .043    176.90    27.402     .0441    .043    4.5793
  311    27.144  -.2046E-01    35.144     7.634   1.00033     .043    180.56    27.446     .0439    .042    4.5787
  312    27.185  -.2052E-01    35.262     7.754   1.00029     .043    184.11    27.490     .0439    .042    4.5781
  313    27.227  -.2056E-01    35.381     7.863   1.00024     .045    186.91    27.533     .0438    .042    4.5774
  314    27.271  -.2059E-01    35.500     7.957   1.00020     .047    188.63    27.577     .0437    .043    4.5770
  315    27.315  -.2062E-01    35.619     8.039   1.00015     .049    189.15    27.621     .0436    .044    4.5768
  316    27.361  -.2065E-01    35.738     8.106   1.00012     .052    188.83    27.664     .0437    .046    4.5769
  317    27.409  -.2068E-01    35.857     8.159   1.00008     .053    187.69    27.708     .0436    .048    4.5773
  318    27.458  -.2072E-01    35.975     8.198   1.00005     .055    186.23    27.752     .0436    .049    4.5780
  319    27.509  -.2077E-01    36.094     8.223   1.00002     .055    184.44    27.795     .0437    .050    4.5788
  320    27.560  -.2083E-01    36.213     8.233    .99998     .055    182.47    27.839     .0435    .051    4.5798
  321    27.611  -.2090E-01    36.332     8.229    .99995     .055    180.75    27.882     .0434    .052    4.5809
  322    27.662  -.2097E-01    36.450     8.210    .99991     .053    179.49    27.925     .0433    .051    4.5818
  323    27.712  -.2105E-01    36.569     8.175    .99987     .052    178.90    27.969     .0432    .050    4.5825
  324    27.759  -.2113E-01    36.688     8.126    .99983     .050    179.27    28.012     .0430    .048    4.5830
  325    27.805  -.2121E-01    36.807     8.061    .99979     .048    180.54    28.054     .0428    .046    4.5832
  326    27.850  -.2128E-01    36.926     7.980    .99974     .046    182.85    28.097     .0427    .044    4.5830
  327    27.892  -.2134E-01    37.044     7.884    .99969     .045    185.86    28.140     .0425    .043    4.5827
  328    27.934  -.2139E-01    37.163     7.773    .99964     .045    189.23    28.182     .0424    .041    4.5821
  329    27.974  -.2142E-01    37.282     7.645    .99959     .046    192.35    28.225     .0424    .041    4.5815
  330    28.015  -.2145E-01    37.401     7.503    .99954     .048    194.93    28.267     .0424    .041    4.5809
  331    28.057  -.2147E-01    37.520     7.346    .99949     .050    196.60    28.309     .0424    .041    4.5804
  332    28.099  -.2148E-01    37.639     7.175    .99945     .053    197.18    28.352     .0423    .042    4.5801
  333    28.144  -.2149E-01    37.758     6.989    .99941     .056    196.90    28.394     .0426    .044    4.5801
  334    28.190  -.2150E-01    37.878     6.790    .99937     .058    195.94    28.437     .0425    .046    4.5803
  335    28.237  -.2151E-01    37.997     6.578    .99934     .060    194.69    28.479     .0425    .048    4.5809
  336    28.286  -.2153E-01    38.116     6.351    .99931     .061    193.23    28.522     .0425    .048    4.5816
  337    28.335  -.2156E-01    38.235     6.111    .99928     .062    191.86    28.564     .0425    .050    4.5824
  338    28.385  -.2159E-01    38.355     5.858    .99925     .062    190.75    28.607     .0424    .049    4.5833
  339    28.434  -.2163E-01    38.474     5.592    .99922     .062    190.04    28.649     .0424    .049    4.5840
  340    28.482  -.2167E-01    38.594     5.313    .99919     .062    189.88    28.691     .0424    .048    4.5847
  341    28.529  -.2172E-01    38.713     5.023    .99916     .061    190.31    28.734     .0423    .047    4.5851
  342    28.574  -.2176E-01    38.833     4.721    .99912     .061    191.39    28.776     .0421    .046    4.5854
  343    28.618  -.2180E-01    38.952     4.407    .99909     .061    192.99    28.818     .0422    .044    4.5853
  344    28.661  -.2183E-01    39.072     4.083    .99906     .061    194.92    28.860     .0421    .043    4.5852
  345    28.702  -.2185E-01    39.192     3.750    .99903     .062    197.01    28.902     .0420    .041    4.5848
  346    28.743  -.2186E-01    39.312     3.407    .99900     .064    198.88    28.944     .0421    .041    4.5843
  347    28.784  -.2187E-01    39.432     3.057    .99898     .067    200.68    28.986     .0421    .041    4.5838
  348    28.824  -.2186E-01    39.551     2.699    .99896     .070    202.09    29.028     .0422    .040    4.5833
  349    28.865  -.2185E-01    39.671     2.337    .99893     .074    202.98    29.070     .0421    .041    4.5828
  350    28.906  -.2183E-01    39.791     1.970    .99891     .078    203.47    29.112     .0421    .041    4.5824
  351    28.948  -.2181E-01    39.911     1.598    .99890     .082    203.63    29.155     .0423    .042    4.5821
  352    28.990  -.2178E-01    40.031     1.226    .99890     .086    203.46    29.197     .0422    .042    4.5819
  353    29.034  -.2175E-01    40.151      .856    .99889     .091    203.06    29.239     .0423    .044    4.5820
  354    29.078  -.2172E-01    40.271      .503    .99889     .095    202.59    29.282     .0423    .044    4.5821
  355    29.122  -.2169E-01    40.391      .256    .99889     .099    202.06    29.324     .0423    .045    4.5823
  356    29.167  -.2165E-01    40.511     -.416    .99890     .103    201.60    29.366     .0424    .045    4.5826
  357    29.212  -.2162E-01    40.631     -.758    .99891     .107    201.36    29.409     .0425    .045    4.5829
  358    29.256  -.2159E-01    40.751    -1.123    .99892     .111    201.30    29.451     .0424    .044    4.5830
  359    29.300  -.2156E-01    40.871    -1.492    .99893     .116    201.53    29.494     .0425    .043    4.5831
  360    29.341  -.2153E-01    40.991    -1.858    .99895     .120    202.06    29.536     .0425    .042    4.5829
  361    29.381  -.2149E-01    41.111    -2.219    .99897     .126    202.88    29.579     .0425    .040    4.5824
  362    29.419  -.2145E-01    41.231    -2.573    .99900     .132    203.89    29.621     .0426    .038    4.5816
  363    29.455  -.2140E-01    41.351    -2.917    .99902     .139    205.08    29.664     .0425    .036    4.5806
  364    29.489  -.2134E-01    41.470    -3.250    .99906     .147    206.43    29.707     .0428    .034    4.5792
  365    29.520  -.2127E-01    41.590    -3.569    .99910     .156    207.96    29.749     .0427    .031    4.5774
  366    29.547  -.2119E-01    41.710    -3.871    .99915     .167    209.64    29.792     .0429    .028    4.5751
  367    29.572  -.2110E-01    41.830    -4.154    .99920     .180    211.43    29.835     .0430    .024    4.5723
  368    29.591  -.2099E-01    41.949    -4.414    .99926     .195    213.31    29.878     .0431    .020    4.5688
  369    29.607  -.2086E-01    42.069    -4.648    .99934     .212    215.25    29.922     .0434    .015    4.5647
  370    29.616  -.2072E-01    42.188    -4.851    .99943     .233    217.27    29.965     .0437    .009    4.5596
  371    29.619  -.2056E-01    42.308    -5.020    .99954     .257    219.38    30.010     .0441    .003    4.5536
  372    29.613  -.2039E-01    42.427    -5.146    .99967     .285    221.66    30.054     .0447   -.006    4.5462
  373    29.596  -.2019E-01    42.547    -5.221    .99984     .318    224.09    30.100     .0457   -.017    4.5373
  374    29.566  -.1997E-01    42.666    -5.235   1.00005     .357    226.70    30.147     .0467   -.029    4.5264
  375    29.521  -.1974E-01    42.786    -5.173   1.00032     .404    229.53    30.195     .0483   -.045    4.5131
  376    29.456  -.1950E-01    42.906    -5.016   1.00069     .459    232.69    30.246     .0508   -.065    4.4969
  377    29.366  -.1926E-01    43.025    -4.738   1.00121     .526    236.32    30.301     .0550   -.089    4.4770
  378    29.245  -.1905E-01    43.145    -4.295   1.00198     .606    240.67    30.362     .0616   -.121    4.4524
  379    29.084  -.1895E-01    43.265    -3.624   1.00303     .698    245.88    30.432     .0693   -.161    4.4217
  380    28.890  -.1907E-01    43.384    -2.660   1.00429     .790    252.02    30.506     .0746   -.194    4.3862
  381    28.702  -.1963E-01    43.504    -1.383   1.00536     .858    259.13    30.575     .0689   -.188    4.3516
  382    28.596  -.2077E-01    43.624      .537   1.00570     .871    267.42    30.624     .0487   -.106    4.3295
  383    28.650  -.2245E-01    43.744     1.965   1.00574     .839    277.72    30.667     .0427    .054    4.3317
  384    28.849  -.2456E-01    43.864     3.537   1.00586     .796    291.32    30.713     .0465    .199    4.3558
  385    29.159  -.2697E-01    43.984     5.111   1.00639     .786    308.64    30.771     .0580    .310    4.3967
  386    29.562  -.2961E-01    44.103     6.801   1.00738     .847    327.68    30.839     .0684    .403    4.4514
  387    30.070  -.3226E-01    44.221     8.752   1.00864     .979    345.00    30.912     .0726    .508    4.5218
  388    30.699  -.3438E-01    44.339    11.087   1.00900    1.116    359.58    30.955     .0429    .630    4.6104
  389    31.423  -.3490E-01    44.456    13.686   1.00726    1.155     13.38    30.938    -.0175    .724    4.7129
  390    32.101  -.3304E-01    44.571    16.189   1.00445    1.052     29.85    30.895    -.0427    .677    4.8082
  391    32.616  -.2925E-01    44.685    18.436   1.00279     .907     52.81    30.890    -.0052    .516    4.8792
  392    32.998  -.2461E-01    44.797    20.625   1.00297     .861     82.25    30.935     .0448    .382    4.9302
  393    33.240  -.1997E-01    44.907    23.114   1.00464     .900    111.23    31.025     .0900    .242    4.9602
 -----------------------------------------------------------------------------------------------------------------
