1        0    1    2 LC3f1921 - inner=1123, iron=8423, outer=1921 - rep 3
 37181  1 91  3  1
       0.0       1.0       0.0       2.0       1.0 0.01 0.01
  1123.0  5615.0  1921.0 11526.0  8423.0
      -1.0     0.125     0.125     1.278  8 Inner coil - far side
 +1.0
 -1.0
 -35.055
 -3.369
  16.435
  4.207
  16.225
  5000.0
      -1.0     0.125     0.125     0.994  8 Inner coil - far side
 +1.0
 -1.0
 -35.055
 -3.369
  16.435
  4.207
  16.225
  5000.0
      -1.0     0.125     0.125     0.710  8 Inner coil - far side
 +1.0
 -1.0
 -35.055
 -3.369
  16.435
  4.207
  16.225
  5000.0
      -1.0     0.125     0.125     0.426  8 Inner coil - far side
 +1.0
 -1.0
 -35.055
 -3.369
  16.435
  4.207
  16.225
  5000.0
      -1.0     0.125     0.125     0.142  8 Inner coil - far side
 +1.0
 -1.0
 -35.055
 -3.369
  16.435
  4.207
  16.225
  5000.0
      -2.0     0.125     0.125     1.278  6 Inner coil - exit end
  8000.0
 -22.95035
 -29.81373
 -20.94893
 -28.01149
  5000.0
       1.0     0.125     0.125     1.278  8 Inner coil - near side
 +1.0
 -1.0
 -33.639
 -3.131
  15.456
  6.233
  16.225
  5000.0
       1.0     0.125     0.125     0.994  8 Inner coil - near side
 +1.0
 -1.0
 -33.639
 -3.131
  15.456
  6.233
  16.225
  5000.0
       1.0     0.125     0.125     0.710  8 Inner coil - near side
 +1.0
 -1.0
 -33.639
 -3.131
  15.456
  6.233
  16.225
  5000.0
       1.0     0.125     0.125     0.426  8 Inner coil - near side
 +1.0
 -1.0
 -33.639
 -3.131
  15.456
  6.233
  16.225
  5000.0
       1.0     0.125     0.125     0.142  8 Inner coil - near side
 +1.0
 -1.0
 -33.639
 -3.131
  15.456
  6.233
  16.225
  5000.0
      -2.0     0.125     0.125     1.278  6 Inner coil - entrance end
  8000.0
 -33.693
 -3.131
 -35.055
 -3.369
  5000.0
      -5.0     0.005     0.005     1.700  6 Near iron, near surface strt
  8000.0
 -33.423
 -3.094
 -32.102
 -6.604
  5000.0
      -5.0     0.005     0.005     1.500  6 Near iron, near surface strt
  8000.0
 -33.423
 -3.094
 -32.102
 -6.604
  5000.0
      -5.0     0.005     0.005     1.300  6 Near iron, near surface strt
  8000.0
 -33.423
 -3.094
 -32.102
 -6.604
  5000.0
      -5.0     0.005     0.005     1.100  6 Near iron, near surface strt
  8000.0
 -33.423
 -3.094
 -32.102
 -6.604
  5000.0
      -5.0     0.005     0.005     0.900  6 Near iron, near surface strt
  8000.0
 -33.423
 -3.094
 -32.102
 -6.604
  5000.0
      -5.0     0.005     0.005     0.700  6 Near iron, near surface strt
  8000.0
 -33.423
 -3.094
 -32.102
 -6.604
  5000.0
      -5.0     0.005     0.005     0.500  6 Near iron, near surface strt
  8000.0
 -33.423
 -3.094
 -32.102
 -6.604
  5000.0
      -5.0     0.005     0.005     0.300  6 Near iron, near surface strt
  8000.0
 -33.423
 -3.094
 -32.102
 -6.604
  5000.0
      -5.0     0.005     0.005     0.100  6 Near iron, near surface strt
  8000.0
 -33.423
 -3.094
 -32.102
 -6.604
  5000.0
      -5.0     0.005     0.005     1.700  8 Near iron, near surface arc
 +1.0
 -1.0
 -32.102
 -6.604
  15.456
  6.233
  14.09246
  5000.0
      -5.0     0.005     0.005     1.500  8 Near iron, near surface arc
 +1.0
 -1.0
 -32.102
 -6.604
  15.456
  6.233
  14.09246
  5000.0
      -5.0     0.005     0.005     1.300  8 Near iron, near surface arc
 +1.0
 -1.0
 -32.102
 -6.604
  15.456
  6.233
  14.09246
  5000.0
      -5.0     0.005     0.005     1.100  8 Near iron, near surface arc
 +1.0
 -1.0
 -32.102
 -6.604
  15.456
  6.233
  14.09246
  5000.0
      -5.0     0.005     0.005     0.900  8 Near iron, near surface arc
 +1.0
 -1.0
 -32.102
 -6.604
  15.456
  6.233
  14.09246
  5000.0
      -5.0     0.005     0.005     0.700  8 Near iron, near surface arc
 +1.0
 -1.0
 -32.102
 -6.604
  15.456
  6.233
  14.09246
  5000.0
      -5.0     0.005     0.005     0.500  8 Near iron, near surface arc
 +1.0
 -1.0
 -32.102
 -6.604
  15.456
  6.233
  14.09246
  5000.0
      -5.0     0.005     0.005     0.300  8 Near iron, near surface arc
 +1.0
 -1.0
 -32.102
 -6.604
  15.456
  6.233
  14.09246
  5000.0
      -5.0     0.005     0.005     0.100  8 Near iron, near surface arc
 +1.0
 -1.0
 -32.102
 -6.604
  15.456
  6.233
  14.09246
  5000.0
       5.0     0.005     0.005     1.700  8 Near iron, far surface
 +1.0
 -1.0
 -33.484
 -3.105
  15.456
  6.233
  16.225
  5000.0
       5.0     0.005     0.005     1.500  8 Near iron, far surface
 +1.0
 -1.0
 -33.484
 -3.105
  15.456
  6.233
  16.225
  5000.0
       5.0     0.005     0.005     1.300  8 Near iron, far surface
 +1.0
 -1.0
 -33.484
 -3.105
  15.456
  6.233
  16.225
  5000.0
       5.0     0.005     0.005     1.100  8 Near iron, far surface
 +1.0
 -1.0
 -33.484
 -3.105
  15.456
  6.233
  16.225
  5000.0
       5.0     0.005     0.005     0.900  8 Near iron, far surface
 +1.0
 -1.0
 -33.484
 -3.105
  15.456
  6.233
  16.225
  5000.0
       5.0     0.005     0.005     0.700  8 Near iron, far surface
 +1.0
 -1.0
 -33.484
 -3.105
  15.456
  6.233
  16.225
  5000.0
       5.0     0.005     0.005     0.500  8 Near iron, far surface
 +1.0
 -1.0
 -33.484
 -3.105
  15.456
  6.233
  16.225
  5000.0
       5.0     0.005     0.005     0.300  8 Near iron, far surface
 +1.0
 -1.0
 -33.484
 -3.105
  15.456
  6.233
  16.225
  5000.0
       5.0     0.005     0.005     0.100  8 Near iron, far surface
 +1.0
 -1.0
 -33.484
 -3.105
  15.456
  6.233
  16.225
  5000.0
      -5.0     0.005     0.005     1.700  8 Far iron, near surface
 +1.0
 -1.0
 -35.209
 -3.395
  16.435
  4.207
  16.225
  5000.0
      -5.0     0.005     0.005     1.500  8 Far iron, near surface
 +1.0
 -1.0
 -35.209
 -3.395
  16.435
  4.207
  16.225
  5000.0
      -5.0     0.005     0.005     1.300  8 Far iron, near surface
 +1.0
 -1.0
 -35.209
 -3.395
  16.435
  4.207
  16.225
  5000.0
      -5.0     0.005     0.005     1.100  8 Far iron, near surface
 +1.0
 -1.0
 -35.209
 -3.395
  16.435
  4.207
  16.225
  5000.0
      -5.0     0.005     0.005     0.900  8 Far iron, near surface
 +1.0
 -1.0
 -35.209
 -3.395
  16.435
  4.207
  16.225
  5000.0
      -5.0     0.005     0.005     0.700  8 Far iron, near surface
 +1.0
 -1.0
 -35.209
 -3.395
  16.435
  4.207
  16.225
  5000.0
      -5.0     0.005     0.005     0.500  8 Far iron, near surface
 +1.0
 -1.0
 -35.209
 -3.395
  16.435
  4.207
  16.225
  5000.0
      -5.0     0.005     0.005     0.300  8 Far iron, near surface
 +1.0
 -1.0
 -35.209
 -3.395
  16.435
  4.207
  16.225
  5000.0
      -5.0     0.005     0.005     0.100  8 Far iron, near surface
 +1.0
 -1.0
 -35.209
 -3.395
  16.435
  4.207
  16.225
  5000.0
       5.0     0.005     0.005     1.700  8 Far iron, far surface
 +1.0
 -1.0
 -35.765
 -3.489
  16.435
  4.207
  16.225
  5000.0
       5.0     0.005     0.005     1.500  8 Far iron, far surface
 +1.0
 -1.0
 -35.765
 -3.489
  16.435
  4.207
  16.225
  5000.0
       5.0     0.005     0.005     1.300  8 Far iron, far surface
 +1.0
 -1.0
 -35.765
 -3.489
  16.435
  4.207
  16.225
  5000.0
       5.0     0.005     0.005     1.100  8 Far iron, far surface
 +1.0
 -1.0
 -35.765
 -3.489
  16.435
  4.207
  16.225
  5000.0
       5.0     0.005     0.005     0.900  8 Far iron, far surface
 +1.0
 -1.0
 -35.765
 -3.489
  16.435
  4.207
  16.225
  5000.0
       5.0     0.005     0.005     0.700  8 Far iron, far surface
 +1.0
 -1.0
 -35.765
 -3.489
  16.435
  4.207
  16.225
  5000.0
       5.0     0.005     0.005     0.500  8 Far iron, far surface
 +1.0
 -1.0
 -35.765
 -3.489
  16.435
  4.207
  16.225
  5000.0
       5.0     0.005     0.005     0.300  8 Far iron, far surface
 +1.0
 -1.0
 -35.765
 -3.489
  16.435
  4.207
  16.225
  5000.0
       5.0     0.005     0.005     0.100  8 Far iron, far surface
 +1.0
 -1.0
 -35.765
 -3.489
  16.435
  4.207
  16.225
  5000.0
      -3.0     0.125     0.125     1.562  8 Outer coil, layer 1, far side
 +1.0
 -1.0
 -35.935
 -3.518
  16.435
  4.207
  16.225
  5000.0
      -3.0     0.125     0.125     1.278  8 Outer coil, layer 1, far side
 +1.0
 -1.0
 -35.935
 -3.518
  16.435
  4.207
  16.225
  5000.0
      -3.0     0.125     0.125     0.994  8 Outer coil, layer 1, far side
 +1.0
 -1.0
 -35.935
 -3.518
  16.435
  4.207
  16.225
  5000.0
      -3.0     0.125     0.125     0.710  8 Outer coil, layer 1, far side
 +1.0
 -1.0
 -35.935
 -3.518
  16.435
  4.207
  16.225
  5000.0
      -3.0     0.125     0.125     0.426  8 Outer coil, layer 1, far side
 +1.0
 -1.0
 -35.935
 -3.518
  16.435
  4.207
  16.225
  5000.0
      -3.0     0.125     0.125     0.142  8 Outer coil, layer 1, far side
 +1.0
 -1.0
 -35.935
 -3.518
  16.435
  4.207
  16.225
  5000.0
      -4.0     0.125     0.125     1.562  6 Outer coil, layer 1, exit end
  8000.0
 -23.61300
 -30.41164
 -20.31441
 -27.36747
  5000.0
       3.0     0.125     0.125     1.562  6 Outer coil, layer 1, near side strt     
  8000.0
 -33.252
 -3.066
 -31.934
 -6.562
  5000.0
       3.0     0.125     0.125     1.278  6 Outer coil, layer 1, near side strt     
  8000.0
 -33.252
 -3.066
 -31.934
 -6.562
  5000.0
       3.0     0.125     0.125     0.994  6 Outer coil, layer 1, near side strt     
  8000.0
 -33.252
 -3.066
 -31.934
 -6.562
  5000.0
       3.0     0.125     0.125     0.710  6 Outer coil, layer 1, near side strt     
  8000.0
 -33.252
 -3.066
 -31.934
 -6.562
  5000.0
       3.0     0.125     0.125     0.426  6 Outer coil, layer 1, near side strt     
  8000.0
 -33.252
 -3.066
 -31.934
 -6.562
  5000.0
       3.0     0.125     0.125     0.142  6 Outer coil, layer 1, near side strt     
  8000.0
 -33.252
 -3.066
 -31.934
 -6.562
  5000.0
       3.0     0.125     0.125     1.562  8 Outer coil, layer 1, near side arc
 +1.0
 -1.0
 -31.935
 -6.563
  15.456
  6.233
  14.09246
  5000.0
       3.0     0.125     0.125     1.278  8 Outer coil, layer 1, near side arc
 +1.0
 -1.0
 -31.935
 -6.563
  15.456
  6.233
  14.09246
  5000.0
       3.0     0.125     0.125     0.994  8 Outer coil, layer 1, near side arc
 +1.0
 -1.0
 -31.935
 -6.563
  15.456
  6.233
  14.09246
  5000.0
       3.0     0.125     0.125     0.710  8 Outer coil, layer 1, near side arc
 +1.0
 -1.0
 -31.935
 -6.563
  15.456
  6.233
  14.09246
  5000.0
       3.0     0.125     0.125     0.426  8 Outer coil, layer 1, near side arc
 +1.0
 -1.0
 -31.935
 -6.563
  15.456
  6.233
  14.09246
  5000.0
       3.0     0.125     0.125     0.142  8 Outer coil, layer 1, near side arc
 +1.0
 -1.0
 -31.935
 -6.563
  15.456
  6.233
  14.09246
  5000.0
      -4.0     0.125     0.125     1.562  6 Outer coil, layer 1, entrance end
  8000.0
 -33.252
 -3.006
 -35.935
 -3.518
  5000.0
      -3.0     0.125     0.125     1.562  8 Outer coil, layer 2, far side
 +1.0
 -1.0
 -35.145
 -8.911
  16.435
  4.207
  13.289
  5000.0
      -3.0     0.125     0.125     1.278  8 Outer coil, layer 2, far side
 +1.0
 -1.0
 -35.145
 -8.911
  16.435
  4.207
  13.289
  5000.0
      -3.0     0.125     0.125     0.994  8 Outer coil, layer 2, far side
 +1.0
 -1.0
 -35.145
 -8.911
  16.435
  4.207
  13.289
  5000.0
      -3.0     0.125     0.125     0.710  8 Outer coil, layer 2, far side
 +1.0
 -1.0
 -35.145
 -8.911
  16.435
  4.207
  13.289
  5000.0
      -3.0     0.125     0.125     0.426  8 Outer coil, layer 2, far side
 +1.0
 -1.0
 -35.145
 -8.911
  16.435
  4.207
  13.289
  5000.0
      -3.0     0.125     0.125     0.142  8 Outer coil, layer 2, far side
 +1.0
 -1.0
 -35.145
 -8.911
  16.435
  4.207
  13.289
  5000.0
      -4.0     0.125     0.125     1.562  6 Outer coil, layer 2, exit end
  8000.0
 -23.82451
 -30.60247
 -20.07354
 -27.22295
  5000.0
       3.0     0.125     0.125     1.562  8 Outer coil, layer 2, near side
 +1.0
 -1.0
 -31.273
 -7.840
  15.456
  6.233
  13.259
  5000.0
       3.0     0.125     0.125     1.278  8 Outer coil, layer 2, near side
 +1.0
 -1.0
 -31.273
 -7.840
  15.456
  6.233
  13.259
  5000.0
       3.0     0.125     0.125     0.994  8 Outer coil, layer 2, near side
 +1.0
 -1.0
 -31.273
 -7.840
  15.456
  6.233
  13.259
  5000.0
       3.0     0.125     0.125     0.710  8 Outer coil, layer 2, near side
 +1.0
 -1.0
 -31.273
 -7.840
  15.456
  6.233
  13.259
  5000.0
       3.0     0.125     0.125     0.426  8 Outer coil, layer 2, near side
 +1.0
 -1.0
 -31.273
 -7.840
  15.456
  6.233
  13.259
  5000.0
       3.0     0.125     0.125     0.142  8 Outer coil, layer 2, near side
 +1.0
 -1.0
 -31.273
 -7.840
  15.456
  6.233
  13.259
  5000.0
      -4.0     0.125     0.125     1.562  6 Outer coil, layer 2, entrance end
  8000.0
 -31.273
 -7.840
 -35.145
 -8.911
  5000.0
0

